0.2799999937415123
0.38549999138340424
0.653499985393139
0.7514999832026686
0.8959999799728426
0.5899999868124745
0.6384999857284147
1.3089999707415703
1.8869999578222607
2.3739999469369533
3.149499929603184
3.8094999148510262
5.759999871253985
6.456999855674803
6.626499851886179
8.209999816492212
10.489999765530209
12.195999727398142
15.679999649524683
17.11099961753933
22.636999494023616
21.760999513603778
26.678999403677903
27.884499376732855
28.95549935279407
32.81549926651642
36.09499919321394
36.273999189213164
37.08549917107468
36.987499173265086
37.78349915547313
38.08949914863346
37.98999915085747
38.201999146118936
37.893999153003314
37.84349915413205
38.62349913669763
39.10049912603584
38.62449913667532
38.29749914398431
38.16149914702417
38.36899914238617
38.04749914957232
38.464999140240415
38.342999142967315
38.72749913437319
37.79149915529429
38.08849914865582
38.1139991480859
37.6599991582336
38.69199913516653
38.571499137860016
38.63849913636238
37.72599915675841
37.4519991628828
37.677499157842504
37.42649916345266
37.543499160837506
37.627999158948825
37.31199916601209
37.69199915751839
38.09149914858886
36.467999184876795
37.62749915895996
38.39099914189448
37.76299915593141
37.9779991511258
36.79449917757887
37.729999156668974
37.90249915281331
38.29399914406257
38.52099913898872
38.06899914909174
37.78149915551783
36.734499178920125
37.083499171119406
35.8909991977737
34.74249922344466
34.90599921979013
35.60999920405454
37.35199916511798
36.93049917453923
36.30399918854246
36.82549917688611
37.031499172281585
37.08249917114169
36.905999175086826
36.81199917718784
36.35899918731332
34.48649922916669
33.202999257855105
35.52699920590981
37.26249916711842
36.76599917821611
35.87749919807548
36.06899919379516
36.02499919477867
35.124499214906265
35.68499920237822
36.06999919377282
36.101999193057544
34.83949922127658
35.062999216281
35.79049920002002
35.430499208066664
34.85999922081834
34.52799922823909
33.62349924845624
34.14799923673281
